20230039	이재기	80	64	81	225	B	
20240079	조창규	86	67	72	225	B	
20240098	전원원	59	90	76	225	B	
20200068	이성표	100	73	53	226	B	
20200074	이주운	100	76	50	226	B	
20210031	엄희이	73	72	81	226	B	
20230066	이창하	73	97	56	226	B	
20200023	박찬윤	61	91	75	227	B	
20200085	양제서	87	72	68	227	B	
20210029	배경재	86	68	73	227	B	
20210046	이지승	52	96	79	227	B	
20230035	조태하	90	80	57	227	B	
20240014	유동하	79	91	57	227	B	
20240090	허광하	68	93	66	227	B	
20240093	엄호하	94	51	82	227	B	
20200052	김종미	63	67	98	228	B	
20200080	오혀완	88	60	80	228	B	
20220073	김붕몬	81	72	75	228	B	
20220098	나승로	95	62	71	228	B	
20240043	권하우	79	97	52	228	B	
20240096	박영연	67	82	79	228	B	
20200078	조혀하	91	88	50	229	B	
20200098	신정찬	74	74	81	229	B	
20210001	손혀하	94	72	63	229	B	
20210067	이봉준	67	100	62	229	B	
20230052	김미이	83	59	87	229	B	
20230071	염도준	78	79	72	229	B	
20240026	신혀하	62	87	80	229	B	
20200007	오준하	77	84	69	230	B	
20200015	최도하	80	52	98	230	B	
20200095	김태시	86	93	51	230	B	
20240022	김태준	94	81	55	230	B	
20240031	이경미	68	78	84	230	B	
20200067	고정석	94	86	51	231	B	
20220087	소성비	62	83	86	231	B	
20240035	성미미	76	93	62	231	B	
20200057	손찬하	68	82	82	232	B	
20200096	추원사	91	52	89	232	B	
20210048	조시서	66	67	99	232	B	
20220011	이혀성	92	72	68	232	B	
20220050	엄정비	98	57	77	232	B	
20230008	최성수	92	62	78	232	B	
20240002	전호하	80	93	59	232	B	
20240005	김지균	54	85	93	232	B	
20240024	김봉춘	76	78	78	232	B	
20200034	강성근	99	74	60	233	B	
20210076	김예운	81	60	92	233	B	
20210091	이준준	91	80	62	233	B	
20220005	김창하	90	54	89	233	B	
20230013	이조하	82	56	95	233	B	
20230048	오이기	75	77	81	233	B	
20230081	양강운	67	93	73	233	B	
20230093	전상하	59	81	93	233	B	
20240003	정미온	66	73	94	233	B	
20240034	권동연	68	71	94	233	B	
20240056	이이준	96	69	68	233	B	
20200022	임강하	52	100	82	234	B	
20210023	노몽하	82	78	74	234	B	
20220042	김혀연	61	82	91	234	B	
20220059	한시영	77	90	67	234	B	
20230034	박재하	52	98	84	234	B	
20230041	박재주	83	83	68	234	B	
20240094	김대연	94	72	68	234	B	
20200069	박지용	80	99	56	235	B	
20200079	정지우	83	76	76	235	B	
20210066	서병하	92	56	87	235	B	
20220095	김전영	51	97	87	235	B	
20220099	여정이	77	91	67	235	B	
20240007	정주하	69	78	88	235	B	
20240044	양기하	64	76	95	235	B	
20200026	박동지	93	76	67	236	B	
20200099	조고탁	74	89	73	236	B	
20210042	황희우	83	93	60	236	B	
20210045	김재하	97	80	59	236	B	
20210055	이이하	71	74	91	236	B	
20220021	원재하	97	67	72	236	B	
20220043	변지산	70	99	67	236	B	
20230062	강효운	77	78	81	236	B	
20230075	김문성	85	63	88	236	B	
20240033	김혀석	64	83	89	236	B	
20240053	김성영	80	80	76	236	B	
20200010	이준미	94	87	56	237	B	
20200013	박벙석	78	83	76	237	B	
20210008	이청하	88	51	98	237	B	
20210039	강준하	78	89	70	237	B	
20220035	조재석	68	74	95	237	B	
20220054	이도찬	82	97	58	237	B	
20230043	최혀연	70	71	96	237	B	
20230059	강성규	82	65	90	237	B	
20200014	이이주	70	96	72	238	B	
20200028	황다석	94	53	91	238	B	
20200039	하재성	62	89	87	238	B	
20200047	최이미	54	87	97	238	B	
20210078	이승미	81	96	61	238	B	
20240012	김혀하	66	84	88	238	B	
20210038	안미성	87	85	67	239	B	
20210098	박용준	87	75	77	239	B	
20220057	엄성선	91	83	65	239	B	
20230068	이이숙	84	93	62	239	B	
20230086	전지순	95	59	85	239	B	
20240027	이성하	91	93	55	239	B	
20200072	김원면	76	91	73	240	B	
20200089	박지관	99	56	85	240	B	
20210050	박미하	86	95	59	240	B	
20220004	유종찬	56	97	87	240	B	
20220007	김지본	70	85	85	240	B	
20230002	유경요	93	51	96	240	B	
20230091	추성미	95	75	70	240	B	
20210014	김성원	62	83	96	241	B	
20210075	이윤얼	98	69	74	241	B	
20230011	임미하	82	79	80	241	B	
20230031	이재규	100	63	78	241	B	
20240086	오기연	81	71	89	241	B	
20240087	정상모	63	78	100	241	B	
20220082	배미하	86	61	95	242	B	
20230064	전봉태	80	100	62	242	B	
20240071	박이덕	79	87	76	242	B	
20200063	김지운	72	97	74	243	B	
20210051	전용하	72	88	83	243	B	
20210079	안혜하	72	84	87	243	B	
20210088	윤혀용	83	99	61	243	B	
20220091	권의운	77	86	80	243	B	
20210019	손재하	98	92	54	244	B	
20210052	나종숭	91	98	55	244	B	
20220049	남성하	96	58	90	244	B	
20220071	한지하	59	88	97	244	B	
20240029	이상이	60	85	99	244	B	
20210022	김대원	82	84	79	245	B	
20220045	정규운	83	85	77	245	B	
20240051	박태성	82	97	66	245	B	
20240073	임희구	88	88	69	245	B	
20240074	권승하	99	58	88	245	B	
20240081	김효숙	80	87	78	245	B	
20200056	조광주	92	73	81	246	B	
20200061	이연하	98	81	67	246	B	
20200100	김용수	65	93	88	246	B	
20220018	이정하	72	82	92	246	B	
20220083	유성리	68	98	80	246	B	
20230004	김지준	96	51	99	246	B	
20230023	최종성	73	84	89	246	B	
20230092	박준견	86	67	93	246	B	
20240037	하재조	99	78	69	246	B	
20210015	김성석	77	92	78	247	B	
20220065	남동래	95	93	59	247	B	
20230028	김우하	95	86	66	247	B	
20240017	이부운	60	96	91	247	B	
20200002	김윤용	66	85	97	248	B	
20200058	김기재	93	58	97	248	B	
20200076	윤견하	80	84	84	248	B	
20200086	신준소	72	83	93	248	B	
