20220090 이창웅 85 54 77
20240049 최성하 93 65 99
20200014 이이주 70 96 72
20220055 조영하 52 74 94
20220003 송준지 64 54 77
20210014 김성원 62 83 96
20200043 김재찬 70 51 91
20240027 이성하 91 93 55
20240004 이저하 83 87 85
20210010 지규낭 58 63 84
20240083 김혀하 65 93 96
20230022 유혀연 73 100 81
20240093 엄호하 94 51 82
20210027 강상준 87 51 84
20200046 김주윤 88 97 80
20240071 박이덕 79 87 76
20200005 김준하 85 55 77
20210046 이지승 52 96 79
20210029 배경재 86 68 73
20200036 오하덩 98 58 96
20230085 박태수 84 56 62
20220057 엄성선 91 83 65
20230060 최성운 78 66 79
20240072 이병찬 100 94 91
20210094 최주규 91 89 77
20200023 박찬윤 61 91 75
20200035 이창하 98 97 66
20230054 한혀구 98 99 53
20200086 신준소 72 83 93
20240082 김수기 100 80 75
20200093 김운영 93 85 75
20220063 최상지 91 96 61
20230061 고도준 92 72 96
20220094 조봉찬 78 73 55
20200002 김윤용 66 85 97
20200091 박세영 80 69 73
20210096 임대재 67 69 89
20200022 임강하 52 100 82
20210076 김예운 81 60 92
20240097 이요교 61 82 79
20200039 하재성 62 89 87
20210072 고견미 88 76 56
20230023 최종성 73 84 89
20230041 박재주 83 83 68
20220042 김혀연 61 82 91
20220100 이종은 89 78 85
20210031 엄희이 73 72 81
20230091 추성미 95 75 70
20210078 이승미 81 96 61
20230035 조태하 90 80 57
20210097 김상규 73 76 67
20200021 방성주 97 53 55
20240001 이수윤 60 80 71
20220025 송하번 98 61 92
20230059 강성규 82 65 90
20200077 김윤하 94 77 78
20220078 최성성 89 63 59
20200085 양제서 87 72 68
20230064 전봉태 80 100 62
20230045 박수천 89 50 79
20220012 유용주 97 99 92
20240041 김정문 92 86 71
20230005 조우주 60 68 72
20230071 염도준 78 79 72
20230008 최성수 92 62 78
20240078 구영지 51 63 94
20240055 이영석 53 80 63
20210043 서상미 50 82 73
20230094 양호하 67 68 82
20220020 김승재 89 60 57
20220086 임정견 64 53 84
20220092 이종하 59 93 98
20200069 박지용 80 99 56
20200038 김태원 97 69 98
20210080 이윤태 96 83 76
20240010 한성수 71 68 79
20230012 김성하 85 52 73
20200042 이도준 86 82 82
20210023 노몽하 82 78 74
20200057 손찬하 68 82 82
20220009 원미하 54 58 54
20200004 이재우 64 58 73
20200074 이주운 100 76 50
20240056 이이준 96 69 68
20210049 나지지 69 94 51
20230095 김재주 72 87 55
20220016 김윤창 79 86 93
20210051 전용하 72 88 83
20240063 김창순 67 64 58
20230098 김동우 71 57 59
20200032 이균기 61 85 61
20230056 김승하 68 81 56
20210087 정재주 53 51 100
20240089 박주하 77 56 89
20200024 정덩미 90 97 66
20220045 정규운 83 85 77
20240040 윤지운 60 55 89
20240080 이준미 53 64 83
20230042 정상성 76 55 74
20200097 강이근 83 70 68
20240079 조창규 86 67 72
20220028 차영하 93 89 84
20240075 노기주 93 53 73
20240009 오준운 76 91 83
20220065 남동래 95 93 59
20230050 배수하 73 65 62
20200064 나사하 78 92 80
20210005 이성응 78 77 96
20210100 황혀하 54 54 51
20220041 윤용비 70 57 80
20200098 신정찬 74 74 81
20240069 조조하 74 95 96
20240015 김수하 55 92 68
20230020 김우하 93 67 57
20220076 정성규 53 54 65
20240018 박피수 59 73 83
20220035 조재석 68 74 95
20240077 조지천 53 62 97
20220095 김전영 51 97 87
20240029 이상이 60 85 99
20220036 조하연 86 60 75
20220018 이정하 72 82 92
20220052 박동범 72 60 64
20230044 이대태 80 100 71
20200006 유겅성 84 78 50
20220050 엄정비 98 57 77
20230031 이재규 100 63 78
20210052 나종숭 91 98 55
20230027 안호윤 72 63 69
20240008 김혀천 85 96 83
20240095 오재하 52 51 52
20210070 권호도 86 59 58
20220010 강원태 77 59 83
20200063 김지운 72 97 74
20230015 송준원 54 75 89
20210061 김건하 84 65 72
20210055 이이하 71 74 91
20210091 이준준 91 80 62
20210090 이태하 63 64 88
20220014 유창하 56 54 96
20210063 이병하 90 93 81
20220008 고주준 56 52 76
20230073 이슨운 78 70 71
20220031 강창수 50 74 93
20220071 한지하 59 88 97
20240088 박천하 88 52 61
20240026 신혀하 62 87 80
20210098 박용준 87 75 77
20200096 추원사 91 52 89
20210074 박태연 79 72 99
20210030 이주면 71 73 53
20200041 서상견 50 73 98
20220064 김재하 95 79 85
20200027 정종찬 82 77 94
20200060 황지하 77 82 63
20240057 방동송 72 81 95
20200013 박벙석 78 83 76
20240073 임희구 88 88 69
20200034 강성근 99 74 60
20220080 이혀하 94 96 93
20230096 최경연 90 88 95
20210038 안미성 87 85 67
20230007 김희하 90 58 66
20210025 최미준 65 56 89
20200082 황순하 57 63 71
20210057 최시어 71 68 84
20210002 권성수 79 94 87
20200012 윤희찬 72 78 50
20200083 김상성 87 71 65
20210050 박미하 86 95 59
20240011 신승수 90 68 93
20220083 유성리 68 98 80
20210017 신미하 62 73 72
20230017 윤균하 50 50 64
20220074 서윤원 99 62 96
20240065 박세하 95 89 93
20240043 권하우 79 97 52
20230003 박세하 67 58 90
20230026 박호하 88 63 58
20240028 강상석 80 85 52
20210040 김광오 85 79 89
20210060 우혀미 66 52 69
20230018 김붕하 69 71 56
20210026 이승하 50 52 50
20210083 송재하 55 52 50
20230009 이승하 51 55 57
20200056 조광주 92 73 81
20210069 이태지 85 80 97
20220030 박미웅 53 51 50
20210035 허호균 60 50 91
20220091 권의운 77 86 80
20210007 이지우 97 50 70
20240074 권승하 99 58 88
20200068 이성표 100 73 53
20240019 홍지우 60 57 88
20240020 지혀근 91 50 75
20240051 박태성 82 97 66
20210062 정미하 60 68 69
20230043 최혀연 70 71 96
20200087 김영하 94 69 90
20220039 이강하 70 87 93
20210092 손재관 80 97 83
20240048 조재요 82 60 66
20230046 이상영 52 64 72
20220023 황우조 88 57 73
20230051 염미하 60 71 92
20230004 김지준 96 51 99
20240091 정준하 82 70 65
20220089 황혀하 57 72 50
20240064 박도이 79 65 67
20210034 김지숭 61 85 77
20230062 강효운 77 78 81
20210015 김성석 77 92 78
20240002 전호하 80 93 59
20230055 이영하 52 80 87
20220061 김요하 67 83 70
20220082 배미하 86 61 95
20210071 남당주 85 75 59
20220058 신동하 74 53 59
20230036 이준균 93 70 90
20220007 김지본 70 85 85
20240070 방종하 62 97 50
20200080 오혀완 88 60 80
20230080 김조하 62 96 97
20220013 손희챙 82 64 75
20200095 김태시 86 93 51
20230069 양미석 76 66 61
20210006 김유독 97 97 84
20220068 정혀하 67 88 62
20230025 박연하 51 95 53
20220005 김창하 90 54 89
20230099 이재완 73 52 62
20230047 방혀하 79 83 90
20200075 손성하 64 89 99
20230006 여혀하 85 74 90
20240005 김지균 54 85 93
20230002 유경요 93 51 96
20200059 김성하 75 56 85
20240034 권동연 68 71 94
20210012 박지오 88 90 86
20210041 송성숭 51 51 86
20220037 이우준 90 85 95
20210053 홍주은 84 52 50
20240076 양운규 98 95 56
20200025 김이준 83 56 52
20230081 양강운 67 93 73
20240059 심지도 67 55 69
20230077 김재찬 65 63 94
20200072 김원면 76 91 73
20220046 박태석 73 56 66
20220047 박재역 56 61 59
20210079 안혜하 72 84 87
20210047 황성비 66 64 50
20240084 조미하 74 60 73
20220096 김미숙 67 83 59
20220054 이도찬 82 97 58
20200044 조수찬 75 60 89
20210008 이청하 88 51 98
20230052 김미이 83 59 87
20230032 정찬하 96 68 58
20230040 김응미 62 99 60
20230079 유재수 94 73 53
20240092 편선견 62 74 63
20230028 김우하 95 86 66
20200066 전두구 64 57 88
20230001 김영지 50 100 53
20220029 김엉하 98 54 67
20220098 나승로 95 62 71
20240006 김지운 52 77 78
20220070 이재하 88 76 58
20240042 김하하 75 64 66
20220015 이기하 72 70 75
20210016 배유준 94 82 86
20200049 홍미균 91 52 79
20220072 조정미 83 87 97
20230013 이조하 82 56 95
20220026 조미하 57 72 83
20210085 박미구 80 90 55
20200089 박지관 99 56 85
20240035 성미미 76 93 62
20210064 고이우 88 74 63
20200030 오지완 50 60 100
20220066 김지우 67 77 66
20200071 박원기 85 57 51
20220002 이준수 64 70 83
20210066 서병하 92 56 87
20230086 전지순 95 59 85
20240046 김수미 65 93 99
20230011 임미하 82 79 80
20220051 이준운 100 59 50
20240037 하재조 99 78 69
20200048 신도기 53 54 94
20220032 최승비 87 59 66
20240036 오용련 95 66 57
20200015 최도하 80 52 98
20230090 이준운 100 51 68
20220060 송상석 79 66 57
20200099 조고탁 74 89 73
20220084 김태하 52 74 71
20240025 김재태 78 95 50
20200028 황다석 94 53 91
20220056 정기영 66 71 80
20200031 방희하 93 99 86
20230070 김상하 58 70 74
20210058 이태하 52 79 56
20220079 박요리 66 64 58
20230063 차호용 72 74 67
20230021 고미영 60 66 83
20200051 김미재 61 56 76
20230066 이창하 73 97 56
20240039 장영운 73 63 56
20210011 최미준 50 91 60
20210020 김성준 91 90 77
20210095 이미우 58 66 80
20240061 한주정 78 88 82
20220067 최주하 79 78 67
20210013 김하하 53 92 74
20220006 차운하 60 72 85
20230082 정기하 52 97 59
20230097 유병수 65 71 53
20230093 전상하 59 81 93
20240060 임미군 90 51 61
20230019 이성운 96 68 90
20210088 윤혀용 83 99 61
20200055 최영하 75 80 97
20200058 김기재 93 58 97
20200033 권상석 65 78 56
20200067 고정석 94 86 51
20240098 전원원 59 90 76
20230049 권지주 77 68 71
20200011 백태연 64 54 85
20230065 우재미 64 72 70
20230089 강정석 78 82 93
20240024 김봉춘 76 78 78
20210081 이창운 94 74 56
20220040 김미하 86 94 93
20230087 이연주 78 75 58
20240038 김주하 90 91 74
20220085 이혀영 62 54 65
20220093 김승순 61 61 63
20230014 김수하 83 77 91
20210086 김용농 87 99 67
20210048 조시서 66 67 99
20210019 손재하 98 92 54
20240003 정미온 66 73 94
20210004 김군시 69 68 79
20220049 남성하 96 58 90
20210068 강종하 75 82 67
20230083 홍승성 90 53 63
20240068 서견천 85 77 52
20240096 박영연 67 82 79
20240100 이미윤 71 90 56
20230075 김문성 85 63 88
20220077 김지미 59 74 62
20240052 공지완 66 67 56
20240031 이경미 68 78 84
20240014 유동하 79 91 57
20230016 김대도 91 58 66
20210042 황희우 83 93 60
20230072 정동성 85 99 76
20200047 최이미 54 87 97
20200037 이연미 59 65 53
20210056 정이명 70 56 50
20200065 김동하 82 74 50
20200016 임윤견 56 72 91
20220021 원재하 97 67 72
20240022 김태준 94 81 55
20200009 신기시 96 93 64
20230084 김미하 90 54 75
20210077 신혜연 52 57 97
20230024 손승규 57 77 65
20210044 최성운 66 89 95
20210009 박벙엉 64 95 61
20210099 양미배 56 55 65
20220019 변지하 55 97 71
20220027 김천하 57 67 72
20200054 이동리 87 83 86
20240099 권명하 60 51 86
20230029 박영지 58 70 69
20240032 신혀하 99 77 85
20240085 조성하 70 59 81
20240017 이부운 60 96 91
20210018 김이하 73 50 78
20230068 이이숙 84 93 62
20200010 이준미 94 87 56
20220024 김하준 69 55 58
20220004 유종찬 56 97 87
20200092 오지주 55 74 65
20200100 김용수 65 93 88
20220081 김주하 54 82 69
20220075 임간웅 97 92 81
20240044 양기하 64 76 95
20210089 강원하 87 96 70
20230100 이상하 55 57 99
20240050 최응락 80 90 89
20240086 오기연 81 71 89
20200081 염종연 75 56 90
20210082 이준이 86 50 87
20230078 김전하 86 98 71
20240047 도승하 68 81 67
20210075 이윤얼 98 69 74
20200088 이혀하 85 94 78
20230030 장준거 60 74 53
20200052 김종미 63 67 98
20220088 옥영주 54 58 50
20240023 김윤하 50 97 52
20230033 김연원 100 89 66
20200008 손정성 89 78 99
20220044 박수주 91 100 80
20200026 박동지 93 76 67
20200029 최태천 56 54 68
20240007 정주하 69 78 88
20210039 강준하 78 89 70
20220022 이효미 61 74 51
20240081 김효숙 80 87 78
20200017 손지하 93 57 73
20230088 송지서 95 53 56
20220043 변지산 70 99 67
20200001 정태운 61 64 91
20210032 이창재 94 99 77
20240054 공상재 68 93 56
20200090 강재성 50 59 88
20240012 김혀하 66 84 88
20240090 허광하 68 93 66
20220001 안상래 74 73 76
20200073 김태하 100 96 56
20200020 전영성 74 64 52
20240033 김혀석 64 83 89
20220034 오혀서 96 71 82
20200050 최지시 93 76 90
20230053 김용균 70 73 51
20200070 김혀준 59 61 82
20210022 김대원 82 84 79
20220053 안준규 60 55 70
20220062 노재균 99 58 99
20230034 박재하 52 98 84
20200007 오준하 77 84 69
20210045 김재하 97 80 59
20200045 하대하 79 99 86
20210001 손혀하 94 72 63
20240058 황성준 96 79 87
20200019 권준미 70 84 69
20230067 손조하 65 63 51
20200018 박재순 65 100 94
20210024 최상준 57 65 100
20220073 김붕몬 81 72 75
20210021 김장리 86 73 58
20230076 박미완 87 61 66
20240067 박이비 59 75 58
20200053 백요석 85 61 50
20210054 조기도 63 71 90
20210003 한효시 55 85 76
20200079 정지우 83 76 76
20240016 엄경남 52 62 95
20230092 박준견 86 67 93
20240062 김벙하 62 61 59
20240013 김원용 67 61 82
20230058 김화수 98 69 98
20220011 이혀성 92 72 68
20200094 최긍와 96 91 88
20240053 김성영 80 80 76
20220048 김영하 54 97 67
20240066 서승억 99 89 68
20210036 신나무 51 62 78
20220087 소성비 62 83 86
20210065 추태재 59 80 73
20230057 김창하 75 71 71
20230038 김혀하 97 60 95
20220033 김상하 61 79 65
20230039 이재기 80 64 81
20220069 권하준 63 58 78
20200078 조혀하 91 88 50
20210037 한혀하 68 78 75
20210059 이태기 53 62 76
20200003 이경완 76 63 54
20200084 이이찬 95 84 79
20210084 김미경 51 82 92
20230037 민벙미 50 54 91
20200076 윤견하 80 84 84
20240030 성관하 74 97 92
20240094 김대연 94 72 68
20200062 김미미 59 68 80
20200061 이연하 98 81 67
20230010 신규윤 90 78 93
20210033 최혀원 60 57 60
20200040 권하준 82 90 86
20240087 정상모 63 78 100
20240045 진준하 75 90 53
20220059 한시영 77 90 67
20220038 김혜우 89 66 66
20240021 이정아 74 55 62
20230048 오이기 75 77 81
20230074 류재하 58 66 86
20220017 박하웅 77 62 74
20210028 정혀하 54 65 83
20220099 여정이 77 91 67
20210067 이봉준 67 100 62
20210073 정동미 87 65 100
20220097 배성지 57 50 92
20210093 이동수 53 62 58
